22 EICKELMAN 100 94.000000 -1.000000 0.000000 0.000000 -1.000000 -1.000000
274 TALLBULL 100 -1.000000 0.000000 0.000000 91.000000 -1.000000 -1.000000
347 SUNDLIE 100 96.000000 -1.000000 0.000000 0.000000 0.000000 -1.000000
432 KIRKTON 100 96.000000 0.000000 -1.000000 0.000000 -1.000000 0.000000
383 CHIELLO 101 99.000000 0.000000 0.000000 0.000000 0.000000 0.000000
66 PREUITT 103 71.839996 26.209999 -1.000000 0.000000 0.000000 -1.000000
336 SOLOWEY 103 99.000000 0.000000 0.000000 0.000000 0.000000 0.000000
352 BALLHAGEN 103 97.089996 -1.000000 0.000000 -1.000000 0.000000 -1.000000
318 BRAUDIS 104 91.349998 -1.000000 0.000000 7.690000 0.000000 -1.000000
216 WEINERTH 105 96.190002 0.000000 -1.000000 0.000000 0.000000 -1.000000
447 ZEUGIN 105 99.000000 0.000000 0.000000 0.000000 0.000000 0.000000
69 GONZAEZ 106 7.550000 -1.000000 0.000000 -1.000000 0.000000 89.620003
226 TADMAN 106 83.959999 4.720000 -1.000000 0.000000 5.660000 -1.000000
248 KOUDELA 106 99.000000 0.000000 0.000000 0.000000 0.000000 0.000000
291 SCHANBERGER 106 97.169998 0.000000 0.000000 0.000000 -1.000000 -1.000000
36 ANIEL 107 49.529999 4.670000 39.250000 -1.000000 -1.000000 5.610000
88 WIERING 107 94.389999 0.000000 -1.000000 0.000000 -1.000000 -1.000000
99 REHS 108 94.440002 -1.000000 -1.000000 0.000000 -1.000000 -1.000000
150 TERRAS 108 76.849998 -1.000000 -1.000000 -1.000000 9.260000 8.330000
290 DYNAK 108 99.000000 0.000000 0.000000 0.000000 0.000000 0.000000
78 FLOREANI 109 97.250000 -1.000000 0.000000 0.000000 0.000000 -1.000000
28 TOGO 110 18.180000 8.180000 62.730000 0.000000 5.450000 5.450000
112 BORGEMENKE 110 96.360001 0.000000 0.000000 0.000000 -1.000000 -1.000000
338 ZAUDERER 110 99.089996 -1.000000 0.000000 0.000000 0.000000 -1.000000
427 SLAKEY 110 96.360001 -1.000000 0.000000 0.000000 0.000000 -1.000000
41 SAINTZ 111 96.400002 -1.000000 -1.000000 0.000000 0.000000 0.000000
276 ZIMBALIST 111 99.000000 0.000000 0.000000 0.000000 0.000000 0.000000
400 LOPEZVASQUEZ 111 4.500000 0.000000 0.000000 0.000000 0.000000 95.500000
439 HIGHTON 111 94.589996 -1.000000 0.000000 0.000000 0.000000 -1.000000
118 VONROTZ 112 91.070000 -1.000000 -1.000000 0.000000 -1.000000 -1.000000
286 VANMEVEREN 113 94.690002 -1.000000 -1.000000 0.000000 -1.000000 -1.000000
406 ALESANDRO 114 73.680000 -1.000000 -1.000000 0.000000 7.020000 17.540001
409 STRUZYNSKI 114 99.000000 0.000000 0.000000 0.000000 0.000000 0.000000
77 BENNERT 115 96.519997 -1.000000 0.000000 0.000000 -1.000000 -1.000000
170 EBSTEIN 117 98.290001 0.000000 -1.000000 0.000000 0.000000 -1.000000
242 HARIN 117 33.330002 10.260000 -1.000000 0.000000 -1.000000 53.849998
95 CRETA 118 95.760002 0.000000 0.000000 0.000000 -1.000000 -1.000000
360 SANDWELL 118 94.070000 -1.000000 -1.000000 0.000000 0.000000 4.240000
376 RANGASWAMY 118 -1.000000 0.000000 96.610001 0.000000 -1.000000 -1.000000
419 PATIO 118 10.170000 14.410000 64.410004 0.000000 0.000000 11.020000
145 BRESSNER 121 97.519997 0.000000 -1.000000 0.000000 -1.000000 0.000000
239 NARVAES 121 4.960000 -1.000000 -1.000000 0.000000 4.130000 89.260002
345 LADENSACK 121 99.000000 0.000000 0.000000 0.000000 0.000000 0.000000
448 ALLDRITT 121 99.000000 0.000000 0.000000 0.000000 0.000000 0.000000
159 SEGELKEN 122 94.260002 -1.000000 0.000000 0.000000 -1.000000 -1.000000
261 LOERWALD 122 95.900002 -1.000000 0.000000 0.000000 0.000000 -1.000000
421 CRETU 122 94.260002 0.000000 0.000000 0.000000 0.000000 5.740000
85 WOLANSKY 124 96.769997 -1.000000 0.000000 0.000000 -1.000000 -1.000000
373 HELMSTADTER 124 95.160004 -1.000000 -1.000000 -1.000000 -1.000000 0.000000
23 SWE 125 22.400000 -1.000000 70.400002 0.000000 6.400000 -1.000000
86 KEPPY 125 99.000000 0.000000 0.000000 0.000000 0.000000 0.000000
315 COMMISKEY 125 98.400002 -1.000000 0.000000 0.000000 0.000000 -1.000000
155 HROMYAK 126 99.000000 0.000000 0.000000 0.000000 0.000000 0.000000
139 CORDICE 127 29.129999 57.480000 0.000000 -1.000000 11.020000 -1.000000
428 POHTO 127 96.059998 -1.000000 0.000000 -1.000000 0.000000 -1.000000
230 ADEYEYE 128 -1.000000 95.309998 0.000000 0.000000 -1.000000 -1.000000
386 CHODOS 129 99.220001 0.000000 -1.000000 0.000000 0.000000 -1.000000
21 OHAN 130 65.379997 -1.000000 16.920000 -1.000000 12.310000 4.620000
307 SALMIERI 130 96.919998 -1.000000 0.000000 0.000000 -1.000000 0.000000
116 KLEBANOV 131 96.949997 0.000000 -1.000000 0.000000 -1.000000 0.000000
166 MENTEN 131 94.660004 -1.000000 0.000000 -1.000000 0.000000 -1.000000
309 VIDALEZ 131 4.580000 0.000000 0.000000 0.000000 0.000000 95.419998
382 KOFSTAD 131 99.239998 -1.000000 0.000000 0.000000 0.000000 -1.000000
325 MESHULAM 132 96.209999 0.000000 0.000000 0.000000 -1.000000 -1.000000
363 TH 133 56.389999 24.059999 9.770000 -1.000000 -1.000000 3.760000
394 CHALLE 133 87.970001 -1.000000 -1.000000 0.000000 3.760000 6.020000
61 YOSEF 134 49.250000 34.330002 3.730000 -1.000000 11.190000 -1.000000
314 BELLANTUONO 134 97.010002 0.000000 0.000000 0.000000 -1.000000 -1.000000
246 TERR 135 90.370003 6.670000 -1.000000 0.000000 0.000000 -1.000000
412 ARZOUMANIAN 135 95.559998 0.000000 -1.000000 0.000000 3.700000 -1.000000
137 BARTHOLOMAE 136 96.320000 0.000000 0.000000 0.000000 -1.000000 -1.000000
282 VANNA 138 28.260000 5.070000 42.029999 -1.000000 -1.000000 23.190001
285 LITTER 140 89.290001 5.710000 -1.000000 0.000000 -1.000000 4.290000
44 CERAOLO 142 89.440002 0.000000 -1.000000 0.000000 -1.000000 7.040000
328 GLAVEY 143 87.410004 -1.000000 -1.000000 0.000000 3.500000 8.390000
434 ARZE 143 15.380000 -1.000000 -1.000000 -1.000000 0.000000 81.820000
233 TAGLIENTE 144 95.139999 0.000000 -1.000000 0.000000 -1.000000 -1.000000
65 PONCHAK 145 99.000000 0.000000 0.000000 0.000000 0.000000 0.000000
135 FURAY 145 98.620003 0.000000 0.000000 -1.000000 -1.000000 0.000000
90 SAIDEL 150 94.669998 0.000000 -1.000000 0.000000 3.330000 -1.000000
165 PRUSSING 152 92.760002 0.000000 -1.000000 0.000000 4.610000 -1.000000
425 MURFIELD 152 95.389999 -1.000000 -1.000000 0.000000 -1.000000 -1.000000
46 FOSHA 153 67.320000 20.260000 3.920000 0.000000 4.580000 3.920000
50 HASSIN 153 71.239998 6.540000 5.230000 0.000000 10.460000 6.540000
70 DOISE 153 98.040001 0.000000 0.000000 -1.000000 -1.000000 -1.000000
227 FERRAS 154 32.470001 -1.000000 -1.000000 0.000000 8.440000 58.439999
209 GARTHWAIT 156 98.080002 0.000000 0.000000 0.000000 -1.000000 -1.000000
193 BUTLIN 158 98.099998 0.000000 -1.000000 0.000000 -1.000000 0.000000
207 FERRARESE 159 94.339996 0.000000 0.000000 -1.000000 -1.000000 3.770000
73 MEHRMANN 161 95.029999 0.000000 -1.000000 -1.000000 0.000000 3.730000
74 CORPRON 161 92.550003 0.000000 0.000000 3.110000 -1.000000 -1.000000
158 HANICK 162 90.739998 3.700000 -1.000000 0.000000 3.700000 -1.000000
265 PROCKO 163 96.930000 0.000000 -1.000000 0.000000 -1.000000 0.000000
10 LUSSO 164 94.510002 -1.000000 -1.000000 0.000000 0.000000 4.880000
205 HANINGTON 165 94.550003 0.000000 -1.000000 -1.000000 0.000000 3.640000
281 REMIAS 165 89.699997 0.000000 10.300000 0.000000 0.000000 0.000000
97 BUTINA 167 97.010002 0.000000 -1.000000 0.000000 -1.000000 0.000000
397 KASKY 167 97.010002 0.000000 -1.000000 -1.000000 -1.000000 -1.000000
346 ASCHBACHER 168 94.050003 0.000000 -1.000000 -1.000000 -1.000000 -1.000000
446 HUELL 170 10.000000 86.470001 0.000000 0.000000 -1.000000 -1.000000
76 HINKLIN 172 94.769997 -1.000000 -1.000000 0.000000 0.000000 4.070000
431 FRANCIOS 173 5.780000 75.720001 -1.000000 -1.000000 10.400000 7.510000
30 FODDRILL 174 93.680000 -1.000000 0.000000 0.000000 -1.000000 5.170000
222 WARMBOLD 174 97.129997 0.000000 0.000000 0.000000 -1.000000 -1.000000
379 STRIANESE 174 94.250000 0.000000 0.000000 2.870000 -1.000000 -1.000000
389 EACHES 174 96.550003 -1.000000 -1.000000 -1.000000 0.000000 -1.000000
334 TADDER 175 90.860001 0.000000 -1.000000 -1.000000 2.860000 4.570000
358 HOATS 175 92.570000 -1.000000 -1.000000 0.000000 0.000000 6.860000
407 WILDCAT 175 10.290000 -1.000000 -1.000000 76.570000 12.000000 0.000000
317 REITLER 176 98.300003 -1.000000 0.000000 -1.000000 -1.000000 0.000000
144 FURGISON 178 91.010002 -1.000000 -1.000000 -1.000000 2.810000 3.930000
56 MADIAS 180 91.110001 0.000000 -1.000000 0.000000 -1.000000 6.110000
266 VITALONE 180 98.889999 0.000000 0.000000 0.000000 -1.000000 -1.000000
418 MUNCRIEF 180 92.779999 0.000000 -1.000000 -1.000000 2.780000 -1.000000
7 FABELO 182 6.040000 -1.000000 -1.000000 0.000000 0.000000 93.410004
299 HOCKE 182 93.959999 -1.000000 -1.000000 0.000000 -1.000000 3.850000
343 PUFFINBURGER 182 97.250000 0.000000 -1.000000 0.000000 0.000000 -1.000000
218 WACASER 187 98.930000 0.000000 0.000000 0.000000 -1.000000 -1.000000
220 MILSTED 187 94.120003 -1.000000 0.000000 -1.000000 3.210000 0.000000
94 MOTLAGH 188 76.059998 0.000000 -1.000000 0.000000 20.740000 -1.000000
312 FRETTE 188 95.209999 -1.000000 -1.000000 0.000000 0.000000 -1.000000
441 BACKUES 188 96.279999 0.000000 0.000000 -1.000000 -1.000000 2.660000
238 PELZMAN 190 95.260002 -1.000000 -1.000000 0.000000 -1.000000 -1.000000
313 GLASBRENNER 191 97.910004 0.000000 0.000000 0.000000 -1.000000 -1.000000
52 LINDMEIER 192 98.440002 0.000000 -1.000000 0.000000 -1.000000 0.000000
398 DALKA 192 93.750000 -1.000000 0.000000 0.000000 4.690000 -1.000000
182 NERA 193 9.330000 5.180000 51.810001 0.000000 4.660000 29.020000
331 QUAIFE 193 94.820000 0.000000 -1.000000 0.000000 -1.000000 2.590000
342 MAHARG 194 96.910004 -1.000000 0.000000 0.000000 -1.000000 -1.000000
371 ALEXANDROV 194 94.330002 0.000000 -1.000000 0.000000 3.090000 -1.000000
42 WATTY 195 25.639999 34.869999 -1.000000 32.820000 3.080000 -1.000000
179 BOUCKAERT 196 99.489998 -1.000000 0.000000 0.000000 0.000000 -1.000000
384 MCBRADY 203 88.669998 8.870000 0.000000 0.000000 -1.000000 -1.000000
188 CHALLY 205 96.099998 -1.000000 -1.000000 0.000000 -1.000000 -1.000000
420 ADOLPHSEN 206 97.089996 -1.000000 0.000000 0.000000 -1.000000 -1.000000
408 MADELINE 207 94.199997 -1.000000 -1.000000 0.000000 -1.000000 -1.000000
89 TELSON 208 69.709999 19.230000 5.290000 -1.000000 -1.000000 2.880000
130 TAKI 208 30.770000 -1.000000 59.130001 0.000000 7.210000 -1.000000
436 TASSONI 208 96.629997 0.000000 -1.000000 0.000000 -1.000000 -1.000000
411 RICHARTZ 211 94.309998 0.000000 -1.000000 0.000000 -1.000000 3.790000
341 AYMAR 213 88.730003 -1.000000 -1.000000 0.000000 -1.000000 8.920000
115 MALFA 215 95.349998 -1.000000 -1.000000 0.000000 -1.000000 2.790000
426 DEGAND 218 72.940002 16.510000 -1.000000 -1.000000 5.500000 2.290000
152 KAMBOJ 220 -1.000000 0.000000 87.269997 -1.000000 10.450000 0.000000
107 GANGA 222 22.520000 13.510000 42.790001 -1.000000 14.410000 -1.000000
356 RENTZEL 224 96.879997 -1.000000 0.000000 -1.000000 0.000000 2.680000
308 CHATWOOD 226 87.610001 10.180000 -1.000000 0.000000 -1.000000 0.000000
289 ROMANINI 230 90.870003 -1.000000 -1.000000 0.000000 4.350000 3.910000
98 TOFIL 231 96.099998 0.000000 -1.000000 0.000000 3.460000 -1.000000
110 GOODGE 231 92.639999 -1.000000 -1.000000 0.000000 -1.000000 4.330000
353 RAIMEY 233 26.180000 69.529999 -1.000000 0.000000 2.150000 -1.000000
440 SPICOLA 236 94.919998 -1.000000 0.000000 -1.000000 -1.000000 2.540000
81 CRONN 238 94.959999 -1.000000 -1.000000 0.000000 2.520000 2.100000
435 KAKISH 240 85.000000 -1.000000 -1.000000 0.000000 13.750000 -1.000000
301 GALLISHAW 245 10.200000 86.940002 -1.000000 0.000000 2.040000 -1.000000
25 MADLEY 246 89.430000 8.130000 -1.000000 0.000000 -1.000000 2.030000
423 SCHLUSSEL 247 97.980003 0.000000 -1.000000 0.000000 -1.000000 -1.000000
17 DEMINGS 250 38.400002 54.400002 -1.000000 -1.000000 2.800000 3.200000
6 KAJI 253 15.810000 -1.000000 72.730003 -1.000000 7.910000 3.160000
160 BOADWAY 253 98.419998 -1.000000 0.000000 -1.000000 -1.000000 -1.000000
416 ANDIA 258 27.910000 -1.000000 5.810000 0.000000 -1.000000 64.730003
380 FRESHMAN 259 97.300003 -1.000000 -1.000000 -1.000000 -1.000000 -1.000000
401 SOLOVEY 260 97.309998 -1.000000 0.000000 0.000000 1.920000 -1.000000
32 MINUTILLO 261 95.400002 -1.000000 0.000000 -1.000000 0.000000 4.210000
60 TRUPIA 266 98.870003 0.000000 0.000000 0.000000 -1.000000 -1.000000
444 COWDELL 267 94.010002 -1.000000 -1.000000 -1.000000 -1.000000 1.870000
339 MIRKOVICH 269 95.169998 -1.000000 2.230000 0.000000 -1.000000 2.230000
415 TRIA 270 54.439999 3.330000 35.930000 -1.000000 -1.000000 4.070000
104 FIANO 274 97.809998 -1.000000 0.000000 0.000000 -1.000000 1.820000
247 MEDIATE 274 94.160004 -1.000000 0.000000 0.000000 -1.000000 5.110000
372 LENKIEWICZ 274 99.269997 0.000000 -1.000000 0.000000 0.000000 -1.000000
58 NORIA 276 3.990000 3.260000 -1.000000 0.000000 -1.000000 89.860001
361 KUYPERS 276 98.190002 -1.000000 0.000000 -1.000000 -1.000000 -1.000000
39 ROUNSAVALL 280 97.500000 0.000000 -1.000000 -1.000000 -1.000000 -1.000000
340 FARELL 286 72.730003 15.730000 -1.000000 -1.000000 3.500000 5.940000
175 VIVOLO 287 97.209999 -1.000000 -1.000000 0.000000 -1.000000 -1.000000
254 TEES 287 99.300003 0.000000 -1.000000 0.000000 -1.000000 0.000000
3 BRODIGAN 300 95.330002 0.000000 -1.000000 2.330000 -1.000000 1.670000
196 LINGNER 301 96.680000 0.000000 -1.000000 0.000000 -1.000000 2.660000
224 SCHUNKE 303 95.709999 -1.000000 -1.000000 -1.000000 -1.000000 1.650000
231 CHANA 303 26.730000 1.650000 50.830002 7.590000 5.280000 7.920000
40 GEREAU 305 92.459999 -1.000000 -1.000000 2.300000 -1.000000 2.620000
5 EIFFERT 306 95.099998 0.000000 -1.000000 -1.000000 -1.000000 2.290000
326 KOLBO 306 97.709999 -1.000000 0.000000 0.000000 -1.000000 1.960000
387 ETCHELLS 306 95.099998 -1.000000 1.960000 -1.000000 -1.000000 1.630000
20 ATTIAS 309 90.940002 -1.000000 0.000000 0.000000 -1.000000 7.770000
263 EICKMAN 310 97.419998 0.000000 -1.000000 -1.000000 -1.000000 -1.000000
413 GARGAS 315 94.290001 -1.000000 -1.000000 0.000000 1.900000 3.490000
153 SCALLEY 316 95.889999 -1.000000 -1.000000 0.000000 -1.000000 2.220000
210 RUSHMORE 316 87.970001 10.130000 0.000000 -1.000000 -1.000000 -1.000000
125 ANHORN 323 96.900002 -1.000000 -1.000000 0.000000 -1.000000 -1.000000
267 THELUSMA 332 0.000000 86.750000 -1.000000 -1.000000 8.730000 3.610000
108 MAUN 337 76.260002 1.780000 17.799999 -1.000000 -1.000000 2.370000
149 VILAS 348 60.340000 -1.000000 -1.000000 3.450000 4.020000 29.889999
113 LEVANT 353 54.669998 39.380001 -1.000000 -1.000000 2.270000 2.830000
260 BURKER 362 95.029999 2.760000 -1.000000 -1.000000 -1.000000 -1.000000
381 ROCKEL 368 94.839996 -1.000000 1.360000 0.000000 2.450000 -1.000000
80 BEGIC 375 86.129997 -1.000000 -1.000000 0.000000 12.800000 -1.000000
75 MUZIK 391 96.930000 -1.000000 -1.000000 -1.000000 -1.000000 -1.000000
132 CILIA 395 66.839996 -1.000000 -1.000000 0.000000 2.030000 30.129999
243 BANNICK 400 95.250000 0.000000 -1.000000 -1.000000 2.250000 1.250000
351 RAISBECK 400 93.750000 -1.000000 -1.000000 -1.000000 2.000000 3.000000
114 RANGANATHAN 404 -1.000000 -1.000000 97.519997 -1.000000 -1.000000 0.000000
310 JAQUAY 412 91.260002 3.640000 -1.000000 -1.000000 3.160000 1.210000
332 PEDROTTI 421 91.690002 0.000000 -1.000000 -1.000000 1.660000 5.230000
211 WHITLING 424 95.519997 -1.000000 -1.000000 0.000000 -1.000000 1.650000
221 GOUGEON 427 96.720001 -1.000000 -1.000000 1.410000 -1.000000 -1.000000
324 YANN 430 43.490002 4.880000 42.330002 -1.000000 6.980000 -1.000000
0 KUNESH 436 95.180000 0.000000 -1.000000 -1.000000 2.520000 1.150000
33 STARCEVICH 438 97.949997 0.000000 -1.000000 -1.000000 -1.000000 -1.000000
364 BEZOLD 443 94.360001 -1.000000 -1.000000 0.000000 2.480000 2.030000
215 ITANI 448 72.540001 1.120000 9.380000 0.000000 14.060000 2.900000
24 NEUSTADT 453 97.790001 0.000000 0.000000 0.000000 1.100000 1.100000
293 YERO 453 27.370001 3.970000 -1.000000 0.000000 -1.000000 67.550003
51 RUDELL 459 94.339996 1.310000 -1.000000 -1.000000 1.090000 1.960000
31 KARBER 463 96.110001 1.300000 -1.000000 -1.000000 -1.000000 1.510000
162 REICHLEY 464 97.629997 -1.000000 0.000000 0.000000 1.290000 -1.000000
348 RECALDE 472 14.830000 -1.000000 5.510000 0.000000 -1.000000 78.389999
393 MARCHINI 472 94.279999 -1.000000 -1.000000 0.000000 -1.000000 4.660000
392 SIELING 473 96.830002 -1.000000 -1.000000 -1.000000 -1.000000 1.270000
278 SHELP 478 93.720001 1.260000 -1.000000 -1.000000 1.460000 2.300000
374 WUBBEN 479 98.330002 -1.000000 -1.000000 0.000000 -1.000000 -1.000000
399 ZIESKE 479 95.199997 -1.000000 -1.000000 0.000000 -1.000000 2.920000
1 HARDEY 495 81.410004 12.730000 2.420000 -1.000000 -1.000000 1.620000
105 KOTLYAR 495 98.790001 0.000000 -1.000000 0.000000 -1.000000 -1.000000
59 LONGHI 502 90.440002 -1.000000 1.000000 -1.000000 1.790000 6.570000
194 BIONDOLILLO 502 96.410004 -1.000000 -1.000000 0.000000 -1.000000 2.590000
195 WIDER 505 53.270000 42.970001 -1.000000 -1.000000 0.990000 2.380000
327 LAMBIASE 508 97.830002 -1.000000 0.980000 0.000000 -1.000000 -1.000000
174 ZERN 511 97.459999 0.000000 -1.000000 0.000000 -1.000000 1.760000
148 DESAUTEL 522 81.029999 -1.000000 -1.000000 13.030000 3.640000 1.920000
62 ACKERT 549 95.449997 0.910000 -1.000000 -1.000000 1.640000 1.460000
187 KINGMA 550 97.269997 -1.000000 -1.000000 -1.000000 -1.000000 1.270000
141 LACOSSE 563 93.250000 2.660000 -1.000000 -1.000000 1.240000 1.780000
253 MESKER 566 95.940002 -1.000000 -1.000000 0.000000 1.060000 1.940000
87 JOWETT 574 97.389999 0.870000 -1.000000 -1.000000 -1.000000 -1.000000
96 POLITANO 589 94.910004 -1.000000 2.890000 -1.000000 -1.000000 1.360000
442 ARMACOST 589 96.260002 -1.000000 0.850000 -1.000000 1.700000 1.020000
283 MCCOSH 591 97.290001 0.000000 0.000000 0.000000 1.350000 1.350000
201 EMLEY 613 97.389999 0.000000 -1.000000 -1.000000 1.470000 -1.000000
422 MAIRS 644 92.699997 3.880000 -1.000000 0.000000 -1.000000 2.800000
208 SOLAK 649 94.610001 -1.000000 0.000000 -1.000000 2.470000 2.310000
15 RIVERON 657 9.280000 -1.000000 -1.000000 0.000000 -1.000000 89.949997
168 SPENDLOVE 667 96.849998 -1.000000 -1.000000 0.000000 0.750000 2.100000
206 NEVIL 699 93.129997 4.580000 -1.000000 -1.000000 0.860000 1.290000
102 KOTLER 790 95.699997 -1.000000 -1.000000 0.000000 1.520000 2.410000
232 LUTTER 807 95.290001 2.350000 0.620000 -1.000000 -1.000000 1.120000
388 LOPATA 815 97.419998 -1.000000 -1.000000 0.000000 1.230000 0.740000
200 DROZ 825 64.360001 -1.000000 1.210000 -1.000000 1.210000 32.480000
236 TOSTE 848 82.309998 -1.000000 -1.000000 1.060000 5.420000 10.730000
249 COKLEY 877 30.440001 65.910004 -1.000000 -1.000000 1.710000 1.480000
414 RASMUSSON 1000 95.800003 -1.000000 0.900000 0.800000 -1.000000 1.500000
117 CAWOOD 1024 97.269997 -1.000000 -1.000000 -1.000000 0.680000 1.370000
133 ECTOR 1028 18.770000 74.809998 -1.000000 -1.000000 2.920000 3.110000
323 MATSUOKA 1036 4.150000 0.000000 86.199997 0.000000 7.240000 2.410000
367 LASWELL 1100 93.089996 2.360000 -1.000000 -1.000000 1.820000 1.640000
35 MANDRELL 1112 92.900002 3.240000 -1.000000 -1.000000 1.350000 2.070000
354 MULROY 1213 96.040001 -1.000000 0.820000 -1.000000 0.820000 1.570000
302 CHAGOLLA 1217 4.440000 -1.000000 -1.000000 0.410000 0.490000 94.489998
270 DAFFRON 1231 96.989998 -1.000000 0.810000 -1.000000 0.730000 1.060000
357 JOLY 1305 85.669998 9.580000 -1.000000 -1.000000 1.840000 2.150000
124 CAVINS 1444 91.760002 4.570000 0.480000 0.420000 1.590000 1.180000
229 CATANESE 1586 96.150002 0.440000 -1.000000 -1.000000 1.640000 1.510000
29 MARINEZ 1760 8.130000 1.250000 -1.000000 -1.000000 1.190000 88.809998
251 KAPADIA 1774 3.830000 -1.000000 90.639999 -1.000000 4.850000 0.340000
268 BIGGINS 1943 69.169998 27.170000 0.510000 0.260000 1.600000 1.290000
329 LEAGUE 2118 89.849998 6.140000 0.520000 0.380000 1.890000 1.230000
344 PHILLIPPI 2156 97.260002 -1.000000 0.280000 -1.000000 0.700000 1.580000
395 BAUMGART 2432 97.000000 -1.000000 0.780000 -1.000000 0.860000 0.990000
68 COUTO 2848 80.370003 1.690000 -1.000000 -1.000000 5.410000 11.690000
191 BOLGER 3309 94.199997 3.200000 0.790000 -1.000000 -1.000000 1.000000
37 KOGER 3409 75.540001 21.030001 0.350000 0.410000 1.380000 1.290000
225 GLENNON 3489 96.389999 0.520000 -1.000000 -1.000000 0.770000 1.860000
391 MCELWEE 3520 87.930000 9.460000 0.280000 0.340000 1.140000 0.850000
143 CIRILLO 3608 94.730003 0.220000 0.440000 0.000000 1.110000 3.490000
370 FLEENOR 3720 97.389999 0.270000 0.300000 0.160000 0.890000 0.990000
122 RECINOS 4028 3.900000 0.250000 0.170000 0.120000 0.600000 94.959999
213 TEETER 5650 94.480003 1.400000 0.420000 0.530000 1.430000 1.730000
176 APPLE 6898 91.970001 2.510000 0.540000 2.550000 1.200000 1.230000
120 FIEDLER 7144 96.769997 0.270000 0.410000 0.220000 1.200000 1.130000
284 SHUMAKER 8381 94.480003 2.850000 0.490000 0.350000 1.130000 0.700000
390 URBINA 10511 5.030000 0.270000 0.780000 0.200000 0.520000 93.199997
57 PAULEY 10610 93.570000 3.160000 0.420000 0.480000 0.990000 1.380000
262 PAULSON 19299 95.690002 0.440000 0.800000 0.550000 1.160000 1.360000
385 ROSA 28375 32.340000 1.870000 1.180000 0.150000 3.110000 61.340000
197 DONNELLY 30919 95.459999 1.130000 0.500000 0.260000 1.030000 1.610000
449 SCHROEDER 66412 96.739998 0.230000 0.480000 0.390000 0.860000 1.300000
445 INGRAM 66665 63.689999 32.139999 0.310000 0.540000 1.760000 1.560000
443 TOWNSEND 66853 70.589996 25.030001 0.430000 0.750000 1.620000 1.590000
438 SAUNDERS 67210 69.669998 25.590000 0.440000 0.750000 1.900000 1.650000
437 WANG 67570 3.250000 0.190000 94.470001 0.030000 1.730000 0.330000
433 DURAN 68046 11.580000 0.560000 1.090000 0.930000 0.680000 85.169998
430 FARMER 68309 79.010002 16.879999 0.340000 0.990000 1.420000 1.350000
429 GILL 68699 70.900002 14.150000 8.350000 0.530000 2.280000 3.790000
424 BLAKE 69279 74.040001 21.110001 0.420000 0.780000 1.780000 1.860000
417 WEBSTER 70123 76.160004 18.510000 0.480000 1.340000 1.880000 1.640000
410 BRADY 71175 89.019997 6.560000 0.460000 0.860000 1.240000 1.860000
405 FRANCIS 71723 63.889999 27.570000 1.300000 2.080000 2.440000 2.720000
404 REESE 71754 68.169998 27.730000 0.350000 0.590000 1.490000 1.660000
403 MCGEE 71925 64.940002 30.690001 0.350000 0.620000 1.810000 1.600000
402 GARNER 72052 74.139999 21.990000 0.370000 0.590000 1.510000 1.400000
396 YANG 72627 0.950000 0.130000 95.029999 0.040000 3.490000 0.350000
378 CHANDLER 76114 76.769997 19.110001 0.500000 0.550000 1.590000 1.480000
377 LUNA 76127 9.780000 0.370000 2.000000 0.580000 0.700000 86.580002
375 BARBER 76504 77.879997 17.400000 0.550000 0.990000 1.600000 1.570000
369 BOWEN 77078 84.519997 11.060000 0.410000 0.690000 1.590000 1.730000
368 GRIFFITH 77429 85.820000 9.800000 0.370000 0.660000 1.620000 1.740000
366 CORTEZ 77492 7.030000 0.720000 2.790000 0.330000 0.580000 88.540001
365 BALL 77561 84.529999 11.700000 0.430000 0.500000 1.170000 1.660000
362 LOVE 78323 59.299999 36.259998 0.450000 0.560000 1.860000 1.580000
359 ESPINOZA 79322 4.380000 0.250000 0.370000 0.410000 0.310000 94.290001
355 JOSEPH 80030 35.480000 48.840000 6.910000 1.090000 5.310000 2.370000
350 ERICKSON 80936 96.389999 0.240000 0.500000 0.540000 1.080000 1.260000
349 ZIMMERMAN 80944 94.809998 2.270000 0.430000 0.270000 0.970000 1.250000
300 HALE 82955 83.989998 11.170000 0.460000 1.190000 1.590000 1.600000
335 TERRY 83437 68.820000 26.629999 0.410000 0.730000 1.730000 1.680000
333 DOMINGUEZ 83731 6.160000 0.430000 1.150000 0.370000 0.460000 91.430000
330 STEELE 84353 80.389999 14.940000 0.410000 1.080000 1.470000 1.710000
322 MCDANIEL 86317 78.480003 17.530001 0.300000 0.590000 1.590000 1.500000
321 PARKS 86346 71.480003 24.250000 0.530000 0.570000 1.800000 1.370000
320 JENNINGS 87038 73.379997 22.360001 0.540000 0.560000 1.620000 1.530000
319 COHEN 87226 90.629997 5.510000 0.420000 0.110000 1.230000 2.110000
316 FLEMING 87949 74.589996 21.510000 0.440000 0.480000 1.550000 1.430000
311 GREGORY 88810 80.870003 14.620000 0.430000 0.750000 1.510000 1.820000
306 CRAIG 89591 81.169998 14.470000 0.500000 0.680000 1.570000 1.610000
305 NUNEZ 90208 6.440000 0.770000 0.800000 0.300000 0.470000 91.209999
304 CHAMBERS 90325 68.800003 26.930000 0.360000 0.560000 1.780000 1.570000
303 POWERS 90401 91.010002 5.140000 0.510000 0.520000 1.230000 1.580000
337 CALDWELL 91338 70.269997 25.580000 0.340000 0.690000 1.550000 1.570000
298 CONTRERAS 92660 4.720000 0.240000 0.620000 0.300000 0.370000 93.750000
297 ESTRADA 92831 5.230000 0.490000 1.770000 0.330000 0.530000 91.650002
296 WADE 92834 67.489998 28.129999 0.360000 0.650000 1.870000 1.490000
295 ORTEGA 93131 5.690000 0.330000 1.100000 0.620000 0.430000 91.830002
294 BECK 93161 91.730003 4.470000 0.580000 0.600000 1.230000 1.390000
292 BATES 93743 77.089996 18.559999 0.410000 0.730000 1.480000 1.720000
288 HOPKINS 94603 75.559998 20.280001 0.420000 0.820000 1.550000 1.370000
287 BARRETT 95896 83.220001 12.410000 0.570000 0.550000 1.540000 1.720000
280 PEARSON 98728 74.489998 21.590000 0.470000 0.430000 1.600000 1.420000
279 CURTIS 98958 79.879997 15.420000 0.410000 1.070000 1.560000 1.670000
277 BANKS 99294 41.299999 54.240002 0.300000 0.410000 2.280000 1.470000
275 HOLLAND 99885 78.860001 17.230000 0.360000 0.550000 1.540000 1.460000
273 BREWER 100465 83.339996 12.030000 0.330000 1.240000 1.580000 1.470000
272 NEWMAN 100491 84.970001 10.570000 0.490000 0.650000 1.640000 1.680000
271 SCHNEIDER 100553 96.669998 0.330000 0.430000 0.270000 0.900000 1.410000
269 MAY 101726 85.540001 9.450000 0.940000 0.660000 1.410000 2.010000
264 WALSH 103216 95.900002 0.960000 0.490000 0.200000 1.040000 1.410000
259 CHEN 105544 1.680000 0.360000 95.449997 0.020000 2.000000 0.490000
258 WELCH 105804 85.599998 9.830000 0.450000 1.040000 1.450000 1.630000
257 MCCOY 106481 69.000000 26.389999 0.380000 0.810000 1.730000 1.690000
256 SOTO 106631 5.940000 0.550000 0.470000 0.340000 0.430000 92.269997
255 FULLER 106682 75.529999 20.389999 0.460000 0.580000 1.640000 1.410000
252 GARRETT 107777 72.430000 23.570000 0.310000 0.560000 1.650000 1.480000
250 HANSON 109079 93.870003 2.390000 0.570000 0.580000 1.200000 1.390000
245 MONTGOMERY 112144 70.220001 25.530001 0.450000 0.550000 1.720000 1.530000
244 WILLIAMSON 112216 79.220001 16.740000 0.390000 0.710000 1.510000 1.440000
241 MENDEZ 112736 5.270000 0.810000 0.470000 0.350000 0.510000 92.599998
240 AUSTIN 113160 69.570000 25.500000 0.500000 0.810000 1.790000 1.820000
235 FRANKLIN 114859 57.220001 37.779999 0.450000 0.870000 1.960000 1.710000
234 LAWSON 115186 76.300003 19.709999 0.330000 0.600000 1.670000 1.390000
228 BURKE 119175 87.739998 8.400000 0.480000 0.490000 1.310000 1.570000
223 LARSON 121064 96.129997 0.390000 0.550000 0.620000 1.030000 1.270000
219 GARZA 124130 6.590000 0.190000 0.150000 0.290000 0.310000 92.470001
217 CHAPMAN 124614 81.570000 14.110000 0.420000 0.790000 1.530000 1.580000
214 RICHARDS 125653 81.739998 13.280000 0.530000 0.940000 1.620000 1.890000
212 AGUILAR 126399 4.700000 0.220000 1.740000 0.660000 0.490000 92.190002
204 BERRY 129405 73.269997 22.260000 0.440000 0.680000 1.750000 1.600000
203 ARMSTRONG 129982 74.959999 20.299999 0.470000 0.860000 1.640000 1.760000
202 DUNCAN 130419 78.879997 16.480000 0.390000 0.940000 1.650000 1.660000
199 BRADLEY 131289 71.209999 24.389999 0.400000 0.820000 1.620000 1.560000
198 KNIGHT 131860 74.790001 20.780001 0.400000 0.740000 1.670000 1.630000
192 HANSEN 133474 95.639999 0.400000 0.600000 0.490000 1.240000 1.620000
190 HAWKINS 134066 63.599998 32.070000 0.370000 0.650000 1.720000 1.580000
189 PETERS 134231 85.160004 9.450000 0.780000 1.340000 1.540000 1.730000
186 ARNOLD 136315 83.349998 12.630000 0.430000 0.550000 1.480000 1.560000
185 PIERCE 136517 82.720001 12.630000 0.400000 1.010000 1.610000 1.640000
184 DUNN 136955 82.349998 13.480000 0.630000 0.540000 1.480000 1.530000
183 KELLEY 137555 85.809998 10.210000 0.470000 0.620000 1.520000 1.380000
181 GARDNER 138660 77.230003 18.670000 0.440000 0.670000 1.510000 1.470000
180 STEPHENS 138742 76.540001 19.219999 0.370000 0.640000 1.610000 1.630000
178 WEAVER 138811 85.709999 10.020000 0.400000 1.070000 1.400000 1.410000
177 FERNANDEZ 139302 11.350000 1.280000 5.170000 0.220000 1.290000 80.699997
173 NICHOLS 141936 84.290001 11.360000 0.410000 0.690000 1.570000 1.690000
172 FERGUSON 142256 77.540001 18.049999 0.440000 0.600000 1.660000 1.710000
171 PATEL 145066 1.550000 0.260000 91.370003 0.410000 5.840000 0.570000
169 MORENO 146088 7.050000 0.370000 0.640000 0.480000 0.490000 90.970001
167 ROSE 146924 84.230003 10.860000 0.520000 0.610000 1.830000 1.950000
164 MILLS 147909 79.699997 16.090000 0.400000 0.790000 1.500000 1.520000
163 BOYD 149476 65.639999 29.940001 0.410000 0.970000 1.660000 1.380000
161 STONE 149802 87.400002 7.900000 0.550000 0.930000 1.580000 1.640000
157 PALMER 150407 77.870003 17.309999 0.450000 0.830000 1.620000 1.930000
156 HUNT 151986 76.029999 16.330000 0.480000 3.930000 1.680000 1.550000
154 HICKS 153618 69.459999 26.139999 0.370000 0.940000 1.680000 1.420000
151 WAGNER 154516 93.970001 2.500000 0.430000 0.490000 1.000000 1.600000
147 PORTER 156848 71.190002 24.440001 0.420000 0.750000 1.620000 1.580000
146 JIMENEZ 157475 4.460000 0.310000 1.530000 0.270000 0.450000 92.980003
142 VASQUEZ 159989 5.490000 0.500000 0.690000 0.370000 0.490000 92.459999
140 BURNS 162153 82.180000 13.630000 0.450000 0.710000 1.450000 1.590000
138 TUCKER 162933 72.059998 23.570000 0.330000 0.740000 1.720000 1.590000
136 WEBB 163481 77.739998 18.360001 0.380000 0.620000 1.500000 1.410000
134 CASTILLO 165473 5.620000 0.770000 3.260000 0.750000 0.750000 88.849998
131 ALVAREZ 168817 6.610000 0.640000 1.150000 0.470000 0.470000 90.660004
129 KENNEDY 171636 82.970001 12.980000 0.460000 0.620000 1.400000 1.570000
128 RUIZ 175429 6.120000 0.480000 1.010000 0.280000 0.410000 91.699997
127 HARRISON 175577 71.000000 23.760000 0.420000 1.350000 1.690000 1.780000
126 MCDONALD 176094 79.190002 16.260000 0.430000 0.760000 1.510000 1.850000
123 FORD 178397 64.279999 31.400000 0.370000 0.610000 1.840000 1.510000
121 STEVENS 181417 83.400002 11.400000 0.530000 1.230000 1.640000 1.790000
119 BRYANT 183761 60.970001 34.680000 0.300000 0.890000 1.790000 1.370000
111 RAMOS 193096 7.200000 0.920000 5.040000 0.250000 1.180000 85.419998
109 GONZALES 193934 10.000000 0.860000 3.100000 0.760000 0.840000 84.440002
106 HAMILTON 194331 72.790001 22.650000 0.440000 0.780000 1.730000 1.610000
103 PATTERSON 198557 70.089996 25.660000 0.370000 0.610000 1.670000 1.610000
101 COLEMAN 208624 52.040001 43.830002 0.330000 0.500000 1.870000 1.440000
100 HENDERSON 210094 62.180000 33.200001 0.380000 0.820000 1.810000 1.610000
93 ORTIZ 214683 5.400000 0.640000 0.680000 0.480000 0.450000 92.349998
92 RUSSELL 215432 79.449997 15.790000 0.430000 1.000000 1.700000 1.630000
91 SULLIVAN 215640 89.449997 6.780000 0.460000 0.520000 1.160000 1.630000
84 MYERS 224824 86.589996 9.750000 0.380000 0.530000 1.350000 1.400000
83 PRICE 228756 76.110001 19.790001 0.420000 0.640000 1.580000 1.460000
82 HUGHES 229390 80.599998 15.450000 0.390000 0.520000 1.460000 1.580000
79 JAMES 233224 54.450001 38.090000 0.810000 2.510000 2.100000 2.040000
72 DIAZ 251772 6.170000 0.730000 1.190000 0.220000 0.470000 91.220001
71 COX 253771 84.480003 11.550000 0.390000 0.640000 1.420000 1.520000
67 GOMEZ 263590 6.100000 0.810000 1.040000 0.340000 0.540000 91.160004
64 REED 267443 73.510002 21.969999 0.400000 1.000000 1.670000 1.450000
63 COOPER 270097 70.360001 25.260000 0.400000 0.760000 1.690000 1.540000
55 MORRIS 311754 75.919998 19.290001 0.430000 0.930000 1.700000 1.730000
54 FLORES 312615 5.570000 0.470000 2.150000 0.430000 0.540000 90.839996
53 STEWART 312899 71.779999 23.830000 0.380000 0.740000 1.690000 1.590000
49 TORRES 325169 6.050000 0.580000 1.420000 0.260000 0.530000 91.160004
48 TURNER 335663 66.669998 29.309999 0.330000 0.560000 1.720000 1.400000
47 EVANS 342237 70.650002 25.049999 0.400000 0.680000 1.670000 1.550000
45 CARTER 362548 60.509998 34.990002 0.390000 0.710000 1.880000 1.520000
43 MITCHELL 367433 63.549999 31.520000 0.390000 0.980000 1.930000 1.630000
38 ADAMS 413086 76.169998 19.200001 0.450000 0.790000 1.630000 1.760000
34 KING 438986 72.800003 22.020000 0.880000 0.970000 1.710000 1.620000
27 WALKER 501307 61.250000 34.169998 0.350000 0.830000 1.800000 1.600000
26 ROBINSON 503028 51.340000 44.099998 0.370000 0.510000 1.990000 1.680000
237 LOPEZ 621536 5.850000 0.610000 1.040000 0.470000 0.520000 91.510002
19 WHITE 639515 67.910004 27.379999 0.390000 1.010000 1.760000 1.550000
18 THOMPSON 644368 72.480003 22.530001 0.440000 1.150000 1.780000 1.620000
16 MARTIN 672711 77.470001 15.300000 0.710000 0.940000 1.590000 3.990000
14 HERNANDEZ 706372 4.550000 0.380000 0.650000 0.270000 0.350000 93.809998
13 THOMAS 710696 55.529999 38.169998 1.630000 1.010000 2.000000 1.660000
12 TAYLOR 720370 67.800003 27.670000 0.390000 0.750000 1.780000 1.610000
11 ANDERSON 762394 77.599998 18.059999 0.480000 0.700000 1.590000 1.580000
9 WILSON 783051 69.720001 25.320000 0.460000 1.030000 1.740000 1.730000
8 RODRIGUEZ 804240 5.520000 0.540000 0.580000 0.240000 0.410000 92.699997
4 JONES 1362755 57.689999 37.730000 0.350000 0.940000 1.850000 1.440000
2 WILLIAMS 1534042 48.520000 46.720001 0.370000 0.780000 2.010000 1.600000
No median
The most common name is:
2 WILLIAMS 1534042 48.520000 46.720001 0.370000 0.780000 2.010000 1.600000
