22 EICKELMAN 100 94.000000 -1.000000 0.000000 0.000000 -1.000000 -1.000000
36 ANIEL 107 49.529999 4.670000 39.250000 -1.000000 -1.000000 5.610000
28 TOGO 110 18.180000 8.180000 62.730000 0.000000 5.450000 5.450000
41 SAINTZ 111 96.400002 -1.000000 -1.000000 0.000000 0.000000 0.000000
23 SWE 125 22.400000 -1.000000 70.400002 0.000000 6.400000 -1.000000
21 OHAN 130 65.379997 -1.000000 16.920000 -1.000000 12.310000 4.620000
44 CERAOLO 142 89.440002 0.000000 -1.000000 0.000000 -1.000000 7.040000
46 FOSHA 153 67.320000 20.260000 3.920000 0.000000 4.580000 3.920000
50 HASSIN 153 71.239998 6.540000 5.230000 0.000000 10.460000 6.540000
10 LUSSO 164 94.510002 -1.000000 -1.000000 0.000000 0.000000 4.880000
30 FODDRILL 174 93.680000 -1.000000 0.000000 0.000000 -1.000000 5.170000
7 FABELO 182 6.040000 -1.000000 -1.000000 0.000000 0.000000 93.410004
42 WATTY 195 25.639999 34.869999 -1.000000 32.820000 3.080000 -1.000000
25 MADLEY 246 89.430000 8.130000 -1.000000 0.000000 -1.000000 2.030000
17 DEMINGS 250 38.400002 54.400002 -1.000000 -1.000000 2.800000 3.200000
6 KAJI 253 15.810000 -1.000000 72.730003 -1.000000 7.910000 3.160000
32 MINUTILLO 261 95.400002 -1.000000 0.000000 -1.000000 0.000000 4.210000
39 ROUNSAVALL 280 97.500000 0.000000 -1.000000 -1.000000 -1.000000 -1.000000
3 BRODIGAN 300 95.330002 0.000000 -1.000000 2.330000 -1.000000 1.670000
40 GEREAU 305 92.459999 -1.000000 -1.000000 2.300000 -1.000000 2.620000
5 EIFFERT 306 95.099998 0.000000 -1.000000 -1.000000 -1.000000 2.290000
20 ATTIAS 309 90.940002 -1.000000 0.000000 0.000000 -1.000000 7.770000
0 KUNESH 436 95.180000 0.000000 -1.000000 -1.000000 2.520000 1.150000
33 STARCEVICH 438 97.949997 0.000000 -1.000000 -1.000000 -1.000000 -1.000000
24 NEUSTADT 453 97.790001 0.000000 0.000000 0.000000 1.100000 1.100000
31 KARBER 463 96.110001 1.300000 -1.000000 -1.000000 -1.000000 1.510000
1 HARDEY 495 81.410004 12.730000 2.420000 -1.000000 -1.000000 1.620000
15 RIVERON 657 9.280000 -1.000000 -1.000000 0.000000 -1.000000 89.949997
35 MANDRELL 1112 92.900002 3.240000 -1.000000 -1.000000 1.350000 2.070000
29 MARINEZ 1760 8.130000 1.250000 -1.000000 -1.000000 1.190000 88.809998
37 KOGER 3409 75.540001 21.030001 0.350000 0.410000 1.380000 1.290000
49 TORRES 325169 6.050000 0.580000 1.420000 0.260000 0.530000 91.160004
48 TURNER 335663 66.669998 29.309999 0.330000 0.560000 1.720000 1.400000
47 EVANS 342237 70.650002 25.049999 0.400000 0.680000 1.670000 1.550000
45 CARTER 362548 60.509998 34.990002 0.390000 0.710000 1.880000 1.520000
43 MITCHELL 367433 63.549999 31.520000 0.390000 0.980000 1.930000 1.630000
38 ADAMS 413086 76.169998 19.200001 0.450000 0.790000 1.630000 1.760000
34 KING 438986 72.800003 22.020000 0.880000 0.970000 1.710000 1.620000
27 WALKER 501307 61.250000 34.169998 0.350000 0.830000 1.800000 1.600000
26 ROBINSON 503028 51.340000 44.099998 0.370000 0.510000 1.990000 1.680000
19 WHITE 639515 67.910004 27.379999 0.390000 1.010000 1.760000 1.550000
18 THOMPSON 644368 72.480003 22.530001 0.440000 1.150000 1.780000 1.620000
16 MARTIN 672711 77.470001 15.300000 0.710000 0.940000 1.590000 3.990000
14 HERNANDEZ 706372 4.550000 0.380000 0.650000 0.270000 0.350000 93.809998
13 THOMAS 710696 55.529999 38.169998 1.630000 1.010000 2.000000 1.660000
12 TAYLOR 720370 67.800003 27.670000 0.390000 0.750000 1.780000 1.610000
11 ANDERSON 762394 77.599998 18.059999 0.480000 0.700000 1.590000 1.580000
9 WILSON 783051 69.720001 25.320000 0.460000 1.030000 1.740000 1.730000
8 RODRIGUEZ 804240 5.520000 0.540000 0.580000 0.240000 0.410000 92.699997
4 JONES 1362755 57.689999 37.730000 0.350000 0.940000 1.850000 1.440000
2 WILLIAMS 1534042 48.520000 46.720001 0.370000 0.780000 2.010000 1.600000
The median name is:
31    KARBER 463 96.110001 1.300000 -1.000000 -1.000000 -1.000000 1.510000
The most common name is:
2 WILLIAMS 1534042 48.520000 46.720001 0.370000 0.780000 2.010000 1.600000
